0 0.903936 0.281107 0.145136 0.164181
0 0.133100 0.424554 0.147864 0.139302
0 0.348744 0.468089 0.130064 0.153396
0 0.637636 0.488818 0.280680 0.163353
0 0.822472 0.456894 0.198528 0.150911
0 0.241264 0.688653 0.147872 0.133498
0 0.525364 0.678702 0.146504 0.153401
0 0.884080 0.667507 0.160192 0.165838
0 0.415076 0.887657 0.186344 0.148425
0 0.650640 0.885998 0.147872 0.120233
0 0.582868 0.099925 0.143768 0.143454
0 0.811516 0.080858 0.165672 0.111938
0 0.382972 0.256645 0.231384 0.223047
0 0.610936 0.292716 0.128704 0.145935
