0 0.404648 0.061817 0.271744 0.082919
0 0.539004 0.155512 0.196728 0.124378
0 0.144472 0.168362 0.234160 0.085415
0 0.286772 0.277777 0.151912 0.115177
0 0.776840 0.311815 0.154640 0.130184
0 0.451624 0.379394 0.157552 0.112767
0 0.110504 0.408001 0.169120 0.150083
0 0.722572 0.504601 0.482920 0.149257
0 0.165352 0.531134 0.267536 0.082919
0 0.739196 0.692827 0.475688 0.117742
0 0.159644 0.713972 0.261624 0.083749
0 0.410432 0.614059 0.364256 0.084566
0 0.183496 0.854518 0.286192 0.099500
0 0.837556 0.861567 0.261624 0.098674
