0 0.252216 0.793961 0.175248 0.115257
0 0.273440 0.316768 0.201264 0.192355
0 0.476076 0.252083 0.149240 0.149254
0 0.725260 0.267011 0.165672 0.127694
0 0.180324 0.479283 0.297128 0.077946
0 0.556172 0.419167 0.125960 0.131841
0 0.869708 0.395121 0.145128 0.131841
0 0.421308 0.606560 0.146504 0.143450
0 0.758120 0.557226 0.149232 0.117747
0 0.161168 0.675385 0.261504 0.115257
0 0.615044 0.748767 0.167032 0.117747
0 0.892296 0.706894 0.160192 0.125203
0 0.361752 0.902168 0.249184 0.086235
0 0.732788 0.888486 0.125960 0.125208
