0 0.204980 0.512037 0.362824 0.080431
0 0.472652 0.099099 0.128696 0.151744
0 0.087920 0.274058 0.139648 0.115257
0 0.431576 0.243794 0.224544 0.112771
0 0.263168 0.398852 0.131440 0.116085
0 0.835480 0.480526 0.246448 0.130179
0 0.481552 0.499598 0.135552 0.106967
0 0.605456 0.663362 0.134176 0.139302
0 0.902568 0.688651 0.147872 0.128522
0 0.777972 0.898852 0.123224 0.114428
0 0.341204 0.885167 0.169752 0.150082
0 0.171456 0.096197 0.301248 0.165843
0 0.810816 0.239232 0.334112 0.163348
0 0.583552 0.366919 0.150608 0.108643
0 0.248776 0.667507 0.431248 0.174133
