0 0.351836 0.642632 0.172008 0.146769
0 0.419760 0.851163 0.212480 0.185760
0 0.614160 0.628121 0.213920 0.164181
0 0.280320 0.290638 0.271680 0.218908
0 0.713924 0.833759 0.211032 0.199009
0 0.137184 0.828369 0.156128 0.138472
0 0.086600 0.663777 0.144544 0.119403
0 0.137192 0.518667 0.228384 0.091212
0 0.463860 0.446944 0.167672 0.126866
0 0.768848 0.461039 0.156112 0.143447
0 0.653212 0.298933 0.164776 0.121060
0 0.901832 0.320493 0.127200 0.142620
0 0.823776 0.104904 0.132976 0.142620
0 0.621412 0.104073 0.138760 0.131010
