0 0.767400 0.474720 0.153216 0.131010
0 0.567932 0.688651 0.132984 0.145939
0 0.246320 0.680358 0.140208 0.140964
0 0.368464 0.890145 0.153216 0.157545
0 0.552756 0.208552 0.296312 0.086237
0 0.895324 0.085002 0.200920 0.116090
0 0.244876 0.124805 0.258728 0.197347
0 0.587444 0.088733 0.154664 0.136815
0 0.804984 0.211039 0.245728 0.112772
0 0.588168 0.357391 0.254400 0.083749
0 0.906888 0.331271 0.137312 0.145939
0 0.760900 0.897194 0.160440 0.181592
0 0.870000 0.655895 0.211040 0.216425
0 0.216692 0.497097 0.367144 0.159224
0 0.320044 0.296035 0.278968 0.115246
0 0.518784 0.511620 0.297760 0.077118
