0 0.497984 0.415434 0.179360 0.122718
0 0.827264 0.411289 0.224544 0.084574
0 0.615044 0.537326 0.210856 0.126037
0 0.903252 0.524886 0.151976 0.145935
0 0.461012 0.701090 0.138280 0.123547
0 0.088604 0.685749 0.124600 0.140964
0 0.778656 0.695700 0.138288 0.121061
0 0.104348 0.431189 0.164296 0.127699
0 0.738948 0.285252 0.417592 0.134331
0 0.333680 0.288568 0.160192 0.119404
0 0.125568 0.254988 0.217696 0.082088
0 0.888876 0.119416 0.136920 0.155887
0 0.456908 0.097442 0.343656 0.123547
0 0.256336 0.561383 0.199872 0.162495
