0 0.429880 0.299764 0.310800 0.167494
0 0.288964 0.393460 0.320888 0.084580
0 0.864248 0.106978 0.161888 0.135158
0 0.459524 0.102001 0.260184 0.126866
0 0.899660 0.516595 0.160440 0.126866
0 0.750776 0.683261 0.154672 0.151744
0 0.481204 0.592880 0.265960 0.077113
0 0.200792 0.590392 0.242832 0.078775
0 0.154536 0.743793 0.231264 0.083749
0 0.572992 0.764107 0.241392 0.117742
0 0.346780 0.873146 0.132984 0.140133
0 0.908336 0.831687 0.131536 0.138472
0 0.692960 0.288155 0.166224 0.124378
0 0.106836 0.475135 0.159000 0.143451
0 0.519512 0.490475 0.238496 0.086237
0 0.789808 0.408387 0.241392 0.084575
