0 0.265904 0.654239 0.232768 0.172471
0 0.646532 0.083760 0.161560 0.127694
0 0.902568 0.079201 0.156080 0.120233
0 0.478128 0.230111 0.125968 0.150087
0 0.785504 0.198186 0.165664 0.144278
0 0.278232 0.310128 0.230016 0.199007
0 0.615728 0.377292 0.146496 0.129351
0 0.895724 0.360710 0.142392 0.131013
0 0.100244 0.495867 0.125960 0.112771
0 0.397348 0.513280 0.161560 0.114428
0 0.879976 0.679532 0.165664 0.126865
0 0.591084 0.668336 0.146504 0.129356
0 0.759492 0.491303 0.247816 0.085407
0 0.686232 0.905068 0.257424 0.146764
