0 0.708120 0.296888 0.436672 0.131840
0 0.228956 0.258332 0.360056 0.084575
0 0.640256 0.068862 0.199472 0.075457
0 0.893932 0.109495 0.134424 0.111941
0 0.346040 0.398465 0.154800 0.116085
0 0.845436 0.445727 0.225640 0.082919
0 0.499328 0.519940 0.247168 0.110280
0 0.114836 0.520771 0.163336 0.083745
0 0.758784 0.708169 0.153216 0.121891
0 0.447292 0.713972 0.172008 0.151744
0 0.127124 0.703192 0.173448 0.136820
0 0.320812 0.900124 0.141656 0.117742
0 0.601952 0.886856 0.122864 0.139302
0 0.811540 0.858665 0.247176 0.061358
