0 0.819788 0.415871 0.279880 0.073800
0 0.141844 0.645143 0.210232 0.076286
0 0.380400 0.645554 0.209072 0.072137
0 0.176672 0.187429 0.279888 0.074629
0 0.571364 0.147214 0.138264 0.151743
0 0.892344 0.157994 0.137104 0.128526
0 0.248648 0.376069 0.135936 0.148423
0 0.498812 0.416286 0.281048 0.074629
0 0.617216 0.644726 0.211392 0.073794
0 0.893504 0.604926 0.137104 0.150080
0 0.177832 0.832123 0.138256 0.151743
0 0.379820 0.872337 0.210232 0.076286
0 0.654368 0.842074 0.139424 0.133497
0 0.892344 0.832537 0.137104 0.152571
