0 0.681232 0.695454 0.127824 0.095389
0 0.899892 0.617883 0.127816 0.095389
0 0.228504 0.871026 0.126352 0.117400
0 0.473580 0.891991 0.126360 0.117400
0 0.629944 0.911386 0.124736 0.095389
0 0.838332 0.900377 0.127672 0.104823
0 0.246120 0.168723 0.126352 0.117400
0 0.538148 0.179206 0.129288 0.109017
0 0.862468 0.133083 0.129288 0.111114
0 0.398076 0.463271 0.127672 0.106920
0 0.100908 0.574383 0.129144 0.104823
0 0.668100 0.430777 0.221592 0.060800
0 0.820720 0.353734 0.124736 0.105869
0 0.359920 0.681300 0.124736 0.106920
