0 0.580652 0.152606 0.168440 0.139303
0 0.891764 0.163383 0.138264 0.121063
0 0.892924 0.381043 0.138264 0.140131
0 0.655528 0.381874 0.137104 0.140137
0 0.417548 0.374826 0.137096 0.152566
0 0.178992 0.390580 0.138256 0.119400
0 0.181316 0.609489 0.142904 0.145937
0 0.180156 0.838757 0.145224 0.145114
0 0.414648 0.619437 0.142896 0.119400
0 0.656108 0.608657 0.138264 0.140960
0 0.892344 0.609900 0.137104 0.140131
0 0.416388 0.839586 0.137096 0.138474
0 0.654948 0.849537 0.138264 0.118571
0 0.892924 0.842903 0.135944 0.130183
