0 0.178992 0.157994 0.138256 0.130183
0 0.416388 0.162969 0.139416 0.120234
0 0.654948 0.156751 0.138264 0.132669
0 0.892344 0.157994 0.139424 0.130183
0 0.892344 0.380629 0.137104 0.140960
0 0.654364 0.386437 0.137096 0.131011
0 0.415808 0.392237 0.138256 0.117743
0 0.179572 0.386020 0.137096 0.130177
0 0.141844 0.644726 0.207912 0.073794
0 0.380400 0.644729 0.209072 0.075457
0 0.655528 0.605754 0.137104 0.151737
0 0.892924 0.604097 0.138264 0.150080
0 0.892344 0.832123 0.139424 0.151743
0 0.655528 0.837929 0.137104 0.140131
0 0.416388 0.838343 0.137096 0.140960
0 0.179572 0.837514 0.137096 0.140960
