0 0.820952 0.187429 0.279888 0.074629
0 0.892924 0.386849 0.138264 0.128520
0 0.617796 0.415043 0.210232 0.073800
0 0.416388 0.381046 0.137096 0.141794
0 0.179572 0.380629 0.139416 0.140960
0 0.178412 0.613217 0.139416 0.131840
0 0.498812 0.187429 0.281048 0.074629
0 0.416388 0.613631 0.137096 0.132669
0 0.654376 0.612803 0.137072 0.132669
0 0.249808 0.157166 0.138256 0.130183
0 0.892924 0.619423 0.138264 0.121040
0 0.142484 0.872754 0.211272 0.073806
0 0.416948 0.847877 0.135976 0.121891
0 0.618964 0.873166 0.210232 0.074629
0 0.855192 0.873169 0.209072 0.072966
