0 0.196956 0.064426 0.124888 0.099583
0 0.345980 0.124174 0.114472 0.087000
0 0.539620 0.190209 0.108744 0.110063
0 0.664356 0.098491 0.105800 0.098537
0 0.856672 0.209603 0.214256 0.054509
0 0.290876 0.417674 0.127816 0.131029
0 0.552164 0.452789 0.262680 0.060800
0 0.833192 0.435491 0.196640 0.059749
0 0.899912 0.653523 0.127856 0.116349
0 0.657016 0.670294 0.126352 0.116349
0 0.388536 0.697549 0.214256 0.066034
0 0.210896 0.648806 0.126352 0.138366
0 0.214556 0.898283 0.127832 0.109011
0 0.449368 0.889897 0.127824 0.115303
0 0.676828 0.862120 0.127816 0.116354
0 0.899892 0.874171 0.127816 0.096434
