0 0.252708 0.151774 0.134776 0.139309
0 0.570784 0.156751 0.137104 0.129354
0 0.892924 0.152606 0.135944 0.139303
0 0.891764 0.375240 0.138264 0.150080
0 0.656108 0.379800 0.133608 0.142617
0 0.415808 0.364046 0.138256 0.174126
0 0.177820 0.385603 0.135960 0.131011
0 0.892344 0.624411 0.139424 0.111109
0 0.654364 0.625240 0.137096 0.107794
0 0.415808 0.614460 0.138256 0.129354
0 0.178412 0.610314 0.137096 0.139303
0 0.892344 0.847463 0.137104 0.121063
0 0.654948 0.848294 0.140584 0.119411
0 0.416968 0.853266 0.135936 0.111114
0 0.177832 0.837097 0.138256 0.145109
