0 0.620180 0.456086 0.212440 0.061360
0 0.899888 0.456089 0.126656 0.116086
0 0.187180 0.641783 0.126536 0.116171
0 0.144808 0.892197 0.127696 0.127777
0 0.379300 0.896757 0.125368 0.118657
0 0.899308 0.670846 0.127816 0.104480
0 0.599804 0.889334 0.216040 0.062189
0 0.858096 0.895140 0.203264 0.065503
0 0.661912 0.666697 0.128976 0.107794
0 0.435544 0.668771 0.126656 0.118571
0 0.169124 0.197377 0.216040 0.061360
0 0.424516 0.194891 0.127816 0.094526
0 0.609092 0.212720 0.227640 0.060526
0 0.855188 0.212303 0.211384 0.061360
0 0.214980 0.439917 0.126648 0.106966
0 0.429740 0.427480 0.126648 0.116914
