0 0.207208 0.200691 0.221776 0.059749
0 0.577848 0.177631 0.126208 0.116349
0 0.886756 0.189163 0.124744 0.105869
0 0.877952 0.326477 0.124736 0.105869
0 0.575648 0.392517 0.124736 0.114257
0 0.268200 0.431300 0.126208 0.105869
0 0.141996 0.687591 0.211320 0.058703
0 0.461180 0.653523 0.127672 0.128931
0 0.661496 0.661909 0.126208 0.105874
0 0.847792 0.675011 0.226144 0.058697
0 0.202900 0.888326 0.127672 0.116354
0 0.399472 0.906669 0.245216 0.060800
0 0.662228 0.883606 0.124744 0.104823
0 0.847796 0.922917 0.223208 0.061846
