0 0.134996 0.181176 0.121112 0.159200
0 0.415556 0.162934 0.108888 0.122716
0 0.705000 0.163349 0.107776 0.123546
0 0.713332 0.333334 0.122216 0.121893
0 0.461668 0.312603 0.198888 0.078770
0 0.183888 0.311773 0.223328 0.078770
0 0.174444 0.482585 0.202216 0.080430
0 0.462224 0.483000 0.200000 0.079600
0 0.704444 0.499585 0.108888 0.114430
0 0.473332 0.654642 0.231112 0.079600
0 0.711112 0.675373 0.124448 0.122722
0 0.188888 0.673299 0.233328 0.115254
0 0.173332 0.842869 0.197784 0.114430
0 0.419444 0.851988 0.114440 0.134328
0 0.710556 0.891788 0.098888 0.112770
