0 0.141652 0.295175 0.228696 0.074627
0 0.454212 0.264910 0.150136 0.135158
0 0.670588 0.261592 0.111416 0.136816
0 0.906320 0.263252 0.113760 0.135158
0 0.199120 0.410433 0.113760 0.144282
0 0.435444 0.414570 0.114936 0.134344
0 0.622504 0.446089 0.214624 0.079598
0 0.906320 0.420382 0.116112 0.122721
0 0.200296 0.563419 0.113760 0.133501
0 0.434268 0.560933 0.114936 0.143450
0 0.671172 0.564248 0.114936 0.133495
0 0.908668 0.566329 0.111416 0.132658
0 0.202640 0.715990 0.118448 0.135158
0 0.440716 0.714333 0.123144 0.135158
0 0.670588 0.720136 0.113768 0.125204
0 0.906908 0.708527 0.114936 0.146770
0 0.198536 0.865243 0.112592 0.133495
0 0.447756 0.860269 0.137224 0.145107
0 0.677624 0.862342 0.127840 0.140962
0 0.905736 0.871462 0.112592 0.122721
