0 0.278284 0.146751 0.126664 0.160865
0 0.510500 0.164579 0.124312 0.155062
0 0.715156 0.159194 0.127832 0.167483
0 0.925672 0.145925 0.136048 0.189055
0 0.500532 0.382656 0.125496 0.166669
0 0.277688 0.388863 0.127856 0.150894
0 0.721608 0.360269 0.129008 0.206465
0 0.924500 0.382240 0.131352 0.165837
0 0.278288 0.620218 0.129008 0.165843
0 0.579696 0.618561 0.129008 0.167494
0 0.919808 0.626021 0.129008 0.155888
0 0.278284 0.862755 0.126664 0.151742
0 0.580868 0.862339 0.126664 0.155888
0 0.760304 0.832904 0.129008 0.214757
