0 0.192080 0.129338 0.127840 0.165837
0 0.435444 0.136801 0.126664 0.154225
0 0.660616 0.115648 0.129008 0.194836
0 0.905732 0.236304 0.126664 0.169157
0 0.100608 0.385124 0.127840 0.163348
0 0.312296 0.378085 0.126672 0.177426
0 0.552724 0.384737 0.126664 0.162540
0 0.101180 0.613999 0.126680 0.143450
0 0.343952 0.604463 0.129024 0.157545
0 0.851784 0.537715 0.222832 0.085407
0 0.899856 0.682398 0.131328 0.164163
0 0.760308 0.856538 0.126664 0.165837
0 0.430164 0.848244 0.127832 0.180764
0 0.101192 0.844929 0.124320 0.189055
