0 0.182820 0.482372 0.129256 0.160200
0 0.196816 0.163470 0.325232 0.083582
0 0.703884 0.126154 0.119928 0.154232
0 0.178928 0.298792 0.292576 0.169150
0 0.494680 0.297298 0.264576 0.168158
0 0.811208 0.337597 0.294128 0.087559
0 0.899088 0.476901 0.124592 0.163188
0 0.597336 0.498283 0.211696 0.122369
0 0.371024 0.523170 0.216352 0.090548
0 0.888204 0.691827 0.137032 0.103480
0 0.509460 0.707249 0.216360 0.090548
0 0.211668 0.674411 0.373304 0.144278
0 0.153264 0.871430 0.222576 0.128357
0 0.390468 0.853518 0.217912 0.170148
0 0.616004 0.854015 0.217912 0.169156
0 0.871092 0.850532 0.180584 0.162190
