0 0.280912 0.157979 0.217760 0.153398
0 0.568020 0.149273 0.154248 0.140962
0 0.873916 0.147201 0.154248 0.145107
0 0.282860 0.319670 0.154248 0.130179
0 0.582276 0.316768 0.154248 0.137641
0 0.883640 0.315939 0.152944 0.139299
0 0.284156 0.495044 0.174984 0.145942
0 0.571260 0.495873 0.155544 0.150916
0 0.882992 0.496300 0.151648 0.146745
0 0.886232 0.680368 0.158128 0.153398
0 0.660044 0.678708 0.154248 0.155061
0 0.389792 0.714363 0.225536 0.083751
0 0.186940 0.677050 0.151656 0.158378
0 0.294520 0.909232 0.211280 0.068843
0 0.590052 0.871909 0.130920 0.141791
0 0.900488 0.865276 0.121840 0.133501
