0 0.199900 0.145540 0.164616 0.191540
0 0.519408 0.159222 0.238496 0.160860
0 0.809108 0.243385 0.276088 0.100333
0 0.148052 0.395125 0.193128 0.178275
0 0.420252 0.388493 0.149064 0.174959
0 0.596532 0.400931 0.182760 0.153398
0 0.814940 0.422904 0.282568 0.111111
0 0.254992 0.677879 0.448480 0.108623
0 0.699580 0.636420 0.152952 0.196515
0 0.884288 0.641395 0.154240 0.158378
0 0.233600 0.853667 0.154240 0.178275
0 0.496728 0.852423 0.154240 0.182421
0 0.728100 0.851180 0.158136 0.161694
0 0.885584 0.857400 0.154240 0.150911
