0 0.142108 0.188371 0.207560 0.073634
0 0.381016 0.181906 0.206176 0.082589
0 0.618528 0.187377 0.207568 0.075623
0 0.856040 0.187377 0.211744 0.075623
0 0.894348 0.385386 0.140696 0.131343
0 0.619224 0.416731 0.208960 0.074629
0 0.381016 0.415737 0.208960 0.074629
0 0.141404 0.416234 0.206152 0.073634
0 0.856740 0.644580 0.207560 0.074646
0 0.656140 0.597826 0.137912 0.164177
0 0.417932 0.607774 0.137912 0.144280
0 0.180420 0.585886 0.136520 0.190046
0 0.857436 0.872451 0.208952 0.072640
0 0.619224 0.865986 0.208960 0.089549
0 0.381712 0.873446 0.207568 0.074629
0 0.143504 0.871954 0.210352 0.075623
