0 0.262920 0.110235 0.193024 0.176121
0 0.634676 0.107748 0.214792 0.177114
0 0.889756 0.108245 0.165032 0.178106
0 0.241924 0.304263 0.157256 0.162190
0 0.467460 0.299289 0.151032 0.172139
0 0.647112 0.298792 0.152592 0.173132
0 0.889760 0.299785 0.155696 0.163183
0 0.223260 0.523170 0.378120 0.084580
0 0.624560 0.482375 0.147920 0.172139
0 0.887420 0.480384 0.160360 0.172139
0 0.148596 0.664962 0.129256 0.169156
0 0.304920 0.714713 0.211696 0.083582
0 0.512568 0.712720 0.188368 0.081592
0 0.703108 0.705261 0.193032 0.092538
0 0.875836 0.663467 0.174200 0.178112
0 0.146344 0.845558 0.208432 0.170154
0 0.275368 0.846054 0.205472 0.157216
0 0.480684 0.888841 0.208584 0.075624
0 0.681328 0.887349 0.183696 0.088557
0 0.864092 0.884862 0.185256 0.093531
