0 0.896436 0.380911 0.142088 0.144280
0 0.176936 0.188371 0.282784 0.075623
0 0.499424 0.188371 0.281392 0.075623
0 0.821216 0.187874 0.284176 0.076617
0 0.619224 0.416731 0.208960 0.072640
0 0.380320 0.414743 0.207568 0.076617
0 0.142808 0.416731 0.208960 0.074629
0 0.142112 0.645091 0.210352 0.075623
0 0.380320 0.644094 0.207568 0.073629
0 0.618528 0.645589 0.210352 0.076617
0 0.893652 0.614740 0.136520 0.128360
0 0.142804 0.873449 0.206168 0.072634
0 0.380320 0.874440 0.210352 0.076617
0 0.655444 0.838623 0.136520 0.138309
0 0.893652 0.837131 0.136520 0.139303
