0 0.180420 0.152054 0.139304 0.140303
0 0.421412 0.146086 0.136520 0.152240
0 0.656140 0.157031 0.135128 0.128360
0 0.894348 0.156534 0.137912 0.131343
0 0.893652 0.380909 0.136520 0.138309
0 0.656140 0.377426 0.137912 0.147263
0 0.417236 0.381406 0.136520 0.137314
0 0.177632 0.388374 0.142096 0.127366
0 0.893652 0.619717 0.139304 0.118406
0 0.656140 0.619220 0.137912 0.119400
0 0.417932 0.610263 0.135128 0.137314
0 0.179724 0.610263 0.137912 0.137314
0 0.181112 0.817229 0.149056 0.183086
0 0.418628 0.853549 0.136520 0.108457
0 0.655444 0.844094 0.136520 0.129354
0 0.895740 0.843100 0.137912 0.129354
