0 0.227120 0.149273 0.374592 0.134330
0 0.544040 0.142224 0.233312 0.106965
0 0.820124 0.150931 0.292936 0.077943
0 0.190828 0.308889 0.307192 0.077114
0 0.505152 0.342886 0.300720 0.085404
0 0.819476 0.342886 0.289048 0.083746
0 0.198608 0.424977 0.322752 0.083751
0 0.889472 0.498362 0.154240 0.145937
0 0.533668 0.529455 0.279976 0.083751
0 0.208328 0.529869 0.329232 0.081264
0 0.891416 0.676635 0.152944 0.160865
0 0.615976 0.676635 0.149056 0.160865
0 0.296456 0.670417 0.160752 0.173301
0 0.251748 0.858644 0.151656 0.153398
0 0.566716 0.861543 0.151672 0.160865
0 0.890768 0.861960 0.156832 0.160031
