0 0.362572 0.109885 0.209976 0.184908
0 0.646436 0.111128 0.155544 0.179104
0 0.884288 0.108641 0.154240 0.182421
0 0.229716 0.320084 0.151656 0.129350
0 0.499320 0.318429 0.200912 0.116080
0 0.886880 0.296453 0.159424 0.156714
0 0.884288 0.491313 0.151648 0.158378
0 0.655508 0.491727 0.155544 0.159207
0 0.328872 0.491313 0.160720 0.160036
0 0.164256 0.664614 0.160720 0.166668
0 0.395624 0.669588 0.149056 0.169985
0 0.658748 0.670417 0.151656 0.171643
0 0.884272 0.670832 0.151616 0.170814
0 0.475340 0.900931 0.305896 0.082088
0 0.224528 0.864033 0.151648 0.157544
0 0.807812 0.893467 0.307192 0.092042
