0 0.315804 0.836105 0.165032 0.187062
0 0.267588 0.262474 0.171256 0.150251
0 0.547564 0.257497 0.221032 0.140297
0 0.822952 0.271927 0.276864 0.137313
0 0.811988 0.440581 0.289464 0.114427
0 0.812764 0.576402 0.291016 0.115425
0 0.811208 0.730136 0.291024 0.124376
0 0.870312 0.867945 0.175920 0.145276
0 0.507120 0.433119 0.286352 0.115420
0 0.196040 0.444562 0.323680 0.086566
0 0.557672 0.562971 0.197696 0.130353
0 0.163376 0.652523 0.255248 0.100502
0 0.479128 0.696305 0.357904 0.130348
0 0.155596 0.854017 0.152584 0.149253
0 0.525012 0.901778 0.259912 0.085573
