0 0.199252 0.155077 0.173688 0.179110
0 0.396920 0.169588 0.123136 0.153403
0 0.560904 0.168756 0.121872 0.153398
0 0.722264 0.169173 0.125728 0.152574
0 0.906968 0.170003 0.121840 0.152574
0 0.153236 0.393882 0.146472 0.167497
0 0.370352 0.391809 0.121840 0.174959
0 0.552464 0.404248 0.125728 0.148424
0 0.722912 0.405077 0.124432 0.148424
0 0.903720 0.404662 0.123120 0.149253
0 0.171384 0.626886 0.120544 0.167497
0 0.435160 0.628544 0.127024 0.164181
0 0.435808 0.867764 0.120544 0.150082
0 0.140924 0.898859 0.209976 0.067994
0 0.595240 0.780699 0.125728 0.140128
0 0.869384 0.779869 0.124432 0.141786
