0 0.275364 0.201776 0.168136 0.203982
0 0.479900 0.202774 0.151032 0.200000
0 0.682120 0.201279 0.154160 0.202989
0 0.888980 0.196801 0.151032 0.196018
0 0.256700 0.423669 0.124584 0.158209
0 0.483808 0.414711 0.121504 0.188060
0 0.671224 0.414713 0.147920 0.186070
0 0.848540 0.464954 0.244360 0.067677
0 0.888204 0.672922 0.158808 0.177114
0 0.703108 0.672922 0.152584 0.177114
0 0.497012 0.661986 0.151032 0.195005
0 0.247388 0.660983 0.193064 0.195026
0 0.885080 0.864962 0.152560 0.157211
0 0.651776 0.861975 0.155696 0.159202
0 0.420800 0.857497 0.154144 0.168158
0 0.168820 0.857996 0.151032 0.169156
