0 0.900644 0.862971 0.121480 0.139299
0 0.405244 0.108245 0.241240 0.176121
0 0.867204 0.130136 0.151032 0.140302
0 0.817428 0.344066 0.287912 0.084580
0 0.622224 0.303767 0.230352 0.161198
0 0.284696 0.299785 0.177472 0.167165
0 0.151708 0.538094 0.216360 0.066668
0 0.396688 0.538094 0.242800 0.066668
0 0.719440 0.500780 0.154144 0.147262
0 0.900644 0.485857 0.130808 0.173137
0 0.280808 0.670432 0.169696 0.174130
0 0.610560 0.669437 0.163472 0.176121
0 0.862520 0.679885 0.219440 0.151244
0 0.156376 0.910732 0.250576 0.069652
0 0.407576 0.911725 0.252128 0.069652
0 0.720992 0.863470 0.126144 0.140297
