0 0.893644 0.144063 0.157256 0.200000
0 0.707772 0.145061 0.152584 0.200000
0 0.222484 0.186354 0.376568 0.119401
0 0.841536 0.437101 0.249024 0.085573
0 0.518788 0.422671 0.312792 0.112436
0 0.184372 0.436604 0.287912 0.086566
0 0.210812 0.613718 0.347016 0.082584
0 0.528120 0.604263 0.266128 0.083582
0 0.822096 0.668941 0.278576 0.083582
0 0.802652 0.794813 0.326792 0.080599
0 0.801096 0.900780 0.329904 0.085573
0 0.500904 0.900783 0.249024 0.083582
0 0.200704 0.904266 0.326800 0.090548
0 0.213148 0.744066 0.339240 0.082584
