0 0.210892 0.144562 0.219320 0.200998
0 0.457428 0.156006 0.158648 0.178112
0 0.657996 0.155527 0.158808 0.177073
0 0.891308 0.156510 0.152584 0.181085
0 0.892168 0.392820 0.150880 0.168158
0 0.631632 0.389836 0.152432 0.178106
0 0.395988 0.377897 0.150872 0.200000
0 0.168120 0.413219 0.152432 0.127359
0 0.184372 0.602758 0.160360 0.211965
0 0.386576 0.602774 0.154144 0.213930
0 0.596636 0.668444 0.256648 0.080594
0 0.847836 0.669437 0.242648 0.084575
0 0.244256 0.831627 0.124592 0.146264
0 0.901424 0.841579 0.126144 0.156218
