0 0.386656 0.123667 0.216208 0.199002
0 0.828396 0.121180 0.153992 0.154232
0 0.302664 0.297797 0.150880 0.179104
0 0.569420 0.305258 0.155544 0.160200
0 0.857948 0.296801 0.191320 0.175128
0 0.881980 0.482871 0.155704 0.173132
0 0.462016 0.530632 0.273904 0.087559
0 0.217036 0.477398 0.160360 0.170148
0 0.856316 0.677400 0.151032 0.162190
0 0.560008 0.673915 0.152592 0.163183
0 0.256680 0.680880 0.152560 0.149253
0 0.296364 0.857001 0.151032 0.173132
0 0.581860 0.861479 0.155544 0.162190
0 0.883536 0.857011 0.155696 0.149232
