0 0.519648 0.134115 0.217760 0.144278
0 0.855616 0.157001 0.161760 0.192037
0 0.252036 0.336105 0.152584 0.148260
0 0.569340 0.331131 0.165032 0.154227
0 0.889756 0.367449 0.152584 0.133332
0 0.237336 0.526653 0.262864 0.149253
0 0.582640 0.483861 0.237984 0.101499
0 0.832208 0.534611 0.258352 0.101494
0 0.276920 0.699289 0.174368 0.148260
0 0.220144 0.901279 0.322128 0.084575
0 0.888980 0.672922 0.154136 0.159202
0 0.574008 0.689841 0.155696 0.141300
0 0.560784 0.900284 0.284800 0.082584
0 0.888976 0.851031 0.147920 0.165174
