0 0.815876 0.369437 0.287912 0.065670
0 0.901424 0.477398 0.119920 0.100496
0 0.819000 0.645558 0.294160 0.078608
0 0.815876 0.797300 0.297240 0.091540
0 0.815108 0.911727 0.295704 0.071643
0 0.573232 0.358493 0.169696 0.131346
0 0.419244 0.243071 0.151032 0.115425
0 0.145484 0.288344 0.216360 0.066668
0 0.422352 0.384862 0.119920 0.126366
0 0.158708 0.388841 0.239688 0.080599
0 0.266032 0.477400 0.183696 0.116418
0 0.413792 0.548048 0.124576 0.146269
0 0.563896 0.583370 0.172800 0.067661
0 0.220928 0.592822 0.124592 0.112441
0 0.594228 0.723669 0.127704 0.149253
0 0.404468 0.720683 0.121480 0.127364
0 0.206148 0.718196 0.135480 0.108460
0 0.416912 0.911228 0.314352 0.070645
0 0.195260 0.868442 0.123032 0.128357
