0 0.288964 0.409637 0.320888 0.116934
0 0.459524 0.102001 0.260184 0.126866
0 0.815820 0.521166 0.328120 0.136007
0 0.781876 0.106976 0.326632 0.135154
0 0.305560 0.299764 0.559440 0.167494
0 0.472540 0.490475 0.332440 0.086237
0 0.823760 0.683261 0.300640 0.151744
0 0.500712 0.620668 0.304976 0.132689
0 0.203668 0.623157 0.326696 0.147618
0 0.154536 0.823814 0.231264 0.243791
0 0.490604 0.758300 0.406168 0.129358
0 0.494944 0.874807 0.429312 0.143456
0 0.836052 0.852841 0.276104 0.180780
0 0.789084 0.293134 0.358472 0.134337
0 0.717520 0.403401 0.501600 0.094548
0 0.215228 0.475135 0.375784 0.143451
