0 0.171456 0.111531 0.301248 0.196512
0 0.513028 0.375218 0.291656 0.125242
0 0.388444 0.888081 0.264232 0.155911
0 0.810816 0.281105 0.334112 0.247093
0 0.555488 0.499612 0.283424 0.138469
0 0.196764 0.402575 0.264248 0.123532
0 0.161168 0.274058 0.286144 0.115257
0 0.680752 0.890141 0.317664 0.155087
0 0.469932 0.243794 0.301256 0.112771
0 0.563716 0.655475 0.217672 0.199806
0 0.215944 0.525298 0.384752 0.106962
0 0.829332 0.668341 0.294344 0.169142
0 0.433620 0.099099 0.206760 0.151744
0 0.248776 0.667507 0.431248 0.174133
0 0.844368 0.500426 0.264224 0.169981
