0 0.705240 0.897191 0.271760 0.181588
0 0.325824 0.327545 0.278960 0.178265
0 0.811440 0.655895 0.328160 0.216425
0 0.216692 0.508284 0.367144 0.181597
0 0.523108 0.088733 0.283336 0.136815
0 0.202240 0.216852 0.344000 0.381441
0 0.421208 0.890145 0.258704 0.157545
0 0.181292 0.676223 0.270264 0.149234
0 0.486252 0.687419 0.296344 0.148403
0 0.823756 0.474720 0.265928 0.131010
0 0.518784 0.541051 0.297760 0.135980
0 0.838932 0.331271 0.273224 0.145939
0 0.583124 0.389309 0.264488 0.147586
0 0.829540 0.207715 0.294840 0.119422
0 0.552756 0.235493 0.296312 0.140119
0 0.831012 0.089984 0.329544 0.126044
