0 0.836176 0.198186 0.267008 0.144278
0 0.591776 0.083760 0.271072 0.127694
0 0.821804 0.650097 0.282008 0.207267
0 0.490444 0.523648 0.347752 0.135165
0 0.206344 0.654239 0.351888 0.172471
0 0.539752 0.895114 0.550384 0.166681
0 0.172112 0.495867 0.269696 0.112771
0 0.804672 0.523648 0.338176 0.150087
0 0.515768 0.678694 0.297136 0.150073
0 0.554812 0.230111 0.279336 0.150087
0 0.839584 0.079201 0.282048 0.120233
0 0.205660 0.274055 0.375160 0.291037
0 0.835460 0.359036 0.262920 0.164196
0 0.538368 0.380194 0.301216 0.135155
