0 0.833420 0.535673 0.291640 0.167510
0 0.790308 0.119416 0.334056 0.155887
0 0.536992 0.415434 0.257376 0.122718
0 0.202232 0.685751 0.351856 0.140959
0 0.456908 0.104486 0.343656 0.137636
0 0.385032 0.284019 0.262896 0.128503
0 0.549336 0.686156 0.314928 0.153416
0 0.787568 0.417931 0.303936 0.097859
0 0.196776 0.561383 0.318992 0.162495
0 0.218660 0.423731 0.392920 0.142616
0 0.753320 0.291892 0.446320 0.147611
0 0.836156 0.680368 0.253288 0.151725
0 0.125568 0.283183 0.217696 0.138479
0 0.545236 0.552657 0.350472 0.156701
