0 0.181000 0.842875 0.317680 0.213086
0 0.180324 0.524055 0.297128 0.167490
0 0.802616 0.409222 0.279312 0.160044
0 0.505508 0.593287 0.314904 0.170005
0 0.834116 0.714782 0.276552 0.140979
0 0.181008 0.675385 0.301184 0.115257
0 0.825192 0.551017 0.283376 0.148450
0 0.792332 0.254576 0.299816 0.152563
0 0.502088 0.252924 0.201264 0.150935
0 0.808104 0.890964 0.276592 0.176599
0 0.437740 0.904239 0.401160 0.145107
0 0.209756 0.334181 0.328632 0.227180
0 0.531520 0.763285 0.334080 0.146783
0 0.480176 0.440722 0.277952 0.174952
