0 0.579480 0.255821 0.312240 0.207283
0 0.171160 0.844539 0.224080 0.190684
0 0.862084 0.126457 0.209592 0.227214
0 0.862796 0.295213 0.205272 0.193180
0 0.131404 0.649679 0.234152 0.155897
0 0.385796 0.653417 0.239928 0.168339
0 0.830996 0.499592 0.280408 0.220551
0 0.647416 0.122740 0.190768 0.201514
0 0.505772 0.453993 0.251496 0.165810
0 0.182740 0.488401 0.319480 0.151744
0 0.448680 0.837900 0.270320 0.212285
0 0.645960 0.627283 0.277520 0.162506
0 0.225400 0.309293 0.381520 0.299358
0 0.776084 0.784419 0.335352 0.309270
