0 0.297700 0.067201 0.485640 0.093685
0 0.703040 0.121501 0.524800 0.203993
0 0.224696 0.170858 0.394608 0.090408
0 0.192808 0.277777 0.339856 0.115177
0 0.523904 0.368623 0.302112 0.134309
0 0.190732 0.408001 0.329576 0.150083
0 0.739196 0.692827 0.475688 0.117742
0 0.773224 0.897212 0.390288 0.169963
0 0.236960 0.889764 0.393120 0.169991
0 0.323720 0.617783 0.537680 0.092015
0 0.246376 0.706101 0.435088 0.099491
0 0.242672 0.526154 0.422176 0.092877
0 0.722572 0.529052 0.482920 0.198160
0 0.834640 0.316799 0.270240 0.140151
