0 0.164584 0.473067 0.210832 0.236328
0 0.615052 0.111531 0.208136 0.166667
0 0.637636 0.481759 0.280680 0.177471
0 0.408244 0.887657 0.200008 0.148425
0 0.779328 0.681177 0.369696 0.206444
0 0.452108 0.670833 0.293016 0.190698
0 0.172120 0.644719 0.286160 0.267829
0 0.834088 0.281107 0.284816 0.164181
0 0.604768 0.885998 0.239616 0.120233
0 0.849164 0.475555 0.251912 0.188232
0 0.851220 0.099920 0.245080 0.150063
0 0.261812 0.227616 0.473704 0.281105
0 0.580800 0.289406 0.208160 0.152553
0 0.380932 0.473069 0.194456 0.163358
