0 0.200824 0.571758 0.335312 0.185718
0 0.751480 0.519527 0.439600 0.230519
0 0.425616 0.527811 0.394592 0.126021
0 0.224640 0.403437 0.397600 0.126030
0 0.838292 0.119849 0.245704 0.177467
0 0.592520 0.115291 0.361360 0.168316
0 0.701600 0.352038 0.568160 0.242139
0 0.262184 0.281542 0.426512 0.130996
0 0.811540 0.903024 0.247176 0.150078
0 0.539092 0.896395 0.248584 0.158380
0 0.236980 0.894722 0.309320 0.141808
0 0.190000 0.713559 0.299200 0.157554
0 0.517404 0.713972 0.312232 0.151744
0 0.828888 0.710647 0.293424 0.146765
