0 0.498812 0.361571 0.281048 0.184057
0 0.173788 0.351197 0.285656 0.198166
0 0.817488 0.128986 0.286816 0.186543
0 0.504608 0.128971 0.271776 0.188229
0 0.176672 0.123571 0.279888 0.202343
0 0.141844 0.573414 0.210232 0.219743
0 0.380400 0.572583 0.209072 0.218080
0 0.819788 0.352843 0.279880 0.199857
0 0.855768 0.811383 0.210256 0.194880
0 0.614320 0.809326 0.219520 0.198994
0 0.379820 0.808069 0.210232 0.204823
0 0.135480 0.810969 0.222960 0.194051
0 0.861588 0.581297 0.200936 0.197337
0 0.617216 0.571754 0.211392 0.219737
