0 0.143580 0.369840 0.204440 0.162537
0 0.861588 0.570526 0.200936 0.218880
0 0.379828 0.582940 0.210216 0.192394
0 0.182488 0.136029 0.275216 0.170800
0 0.497668 0.135200 0.283336 0.172457
0 0.852288 0.355340 0.217216 0.189880
0 0.826168 0.130643 0.269456 0.183229
0 0.616656 0.592911 0.212512 0.172451
0 0.610816 0.349126 0.224192 0.203966
0 0.140120 0.798540 0.213680 0.222223
0 0.383308 0.800211 0.203256 0.217223
0 0.621300 0.801857 0.207880 0.212286
0 0.856368 0.799797 0.209056 0.216394
0 0.143600 0.590411 0.206720 0.179109
0 0.375748 0.357411 0.218376 0.187394
