0 0.852656 0.311020 0.188608 0.191297
0 0.646972 0.614600 0.196344 0.257086
0 0.869700 0.554874 0.188200 0.221406
0 0.180920 0.837029 0.216880 0.230171
0 0.436420 0.861317 0.200680 0.178749
0 0.653748 0.856654 0.172344 0.204851
0 0.860368 0.826594 0.171744 0.252389
0 0.206088 0.131800 0.206416 0.202800
0 0.484156 0.137314 0.237272 0.229257
0 0.818956 0.111949 0.216312 0.153383
0 0.436960 0.402337 0.205440 0.228789
0 0.154888 0.612543 0.237104 0.209314
0 0.668100 0.337903 0.221592 0.246549
0 0.402856 0.646486 0.210608 0.214686
