0 0.637260 0.828894 0.174680 0.214246
0 0.847796 0.837920 0.223208 0.231840
0 0.486848 0.353943 0.302336 0.199657
0 0.153008 0.613386 0.233344 0.207114
0 0.404868 0.616623 0.240296 0.202731
0 0.636540 0.606366 0.176120 0.216960
0 0.847792 0.579666 0.226144 0.249389
0 0.162288 0.847286 0.208896 0.239943
0 0.402952 0.835763 0.252176 0.202611
0 0.498916 0.136589 0.284072 0.198434
0 0.196768 0.131454 0.242656 0.198223
0 0.814204 0.138163 0.269848 0.207869
0 0.799600 0.322343 0.281440 0.158971
0 0.195052 0.368289 0.272504 0.231891
