0 0.674208 0.123354 0.125504 0.148263
0 0.858100 0.838109 0.211400 0.168560
0 0.643728 0.839314 0.194016 0.176914
0 0.407556 0.852574 0.211432 0.189949
0 0.171036 0.847709 0.214872 0.210160
0 0.614056 0.634234 0.212272 0.188469
0 0.850000 0.603763 0.227680 0.215869
0 0.837240 0.371654 0.221040 0.187423
0 0.552164 0.369051 0.262680 0.228274
0 0.199152 0.348451 0.311264 0.269474
0 0.856672 0.179743 0.214256 0.114229
0 0.528600 0.172391 0.130800 0.145697
0 0.275168 0.145737 0.256096 0.130126
0 0.154600 0.086403 0.232880 0.143537
0 0.388536 0.614226 0.214256 0.232680
0 0.169116 0.612737 0.209912 0.210503
