0 0.844768 0.118614 0.232256 0.210600
0 0.858088 0.807654 0.205616 0.200680
0 0.380988 0.798954 0.207896 0.219737
0 0.859248 0.570926 0.203296 0.218080
0 0.622460 0.577140 0.205560 0.203994
0 0.382128 0.584197 0.207936 0.189880
0 0.149384 0.811800 0.206768 0.199029
0 0.145904 0.571340 0.213728 0.222223
0 0.145900 0.342083 0.204440 0.216394
0 0.385608 0.342497 0.200976 0.217223
0 0.624196 0.341657 0.199752 0.220571
0 0.862748 0.343726 0.198616 0.214766
0 0.623596 0.797297 0.200952 0.223051
0 0.540596 0.121100 0.248552 0.202314
