0 0.382148 0.344983 0.205576 0.212251
0 0.179572 0.837514 0.137096 0.140960
0 0.857508 0.115286 0.209096 0.215600
0 0.856928 0.346640 0.207936 0.208937
0 0.616056 0.342486 0.213712 0.218914
0 0.141844 0.589183 0.207912 0.184880
0 0.380400 0.579226 0.209072 0.206451
0 0.611396 0.577983 0.225352 0.207280
0 0.850548 0.579626 0.223016 0.199023
0 0.859268 0.808911 0.205576 0.198166
0 0.617796 0.809311 0.212552 0.197366
0 0.380388 0.803097 0.209096 0.211451
0 0.144180 0.114057 0.207880 0.218057
0 0.382728 0.115714 0.206736 0.214743
0 0.147060 0.345811 0.202120 0.210594
0 0.618396 0.114886 0.211352 0.216400
