0 0.618956 0.812211 0.210232 0.196537
0 0.178988 0.123586 0.279896 0.197343
0 0.498812 0.128571 0.281048 0.192343
0 0.820952 0.127714 0.279888 0.194057
0 0.856348 0.352840 0.211416 0.196537
0 0.617796 0.353254 0.210232 0.197366
0 0.375188 0.358257 0.219496 0.187371
0 0.137800 0.356154 0.222960 0.189909
0 0.139540 0.572997 0.217160 0.212280
0 0.383308 0.582126 0.203256 0.195680
0 0.617816 0.585854 0.210192 0.186566
0 0.858668 0.584171 0.206776 0.191543
0 0.142484 0.811400 0.211272 0.196514
0 0.375148 0.800611 0.219576 0.216423
0 0.855196 0.809311 0.209064 0.200680
