0 0.609092 0.140177 0.227640 0.205611
0 0.399572 0.140591 0.177704 0.203126
0 0.615480 0.619440 0.221840 0.202309
0 0.140184 0.614420 0.220528 0.170897
0 0.383316 0.621086 0.231112 0.213943
0 0.854628 0.840403 0.214856 0.174977
0 0.169120 0.153857 0.255520 0.148400
0 0.591680 0.838760 0.262400 0.163349
0 0.849968 0.631886 0.226496 0.182400
0 0.855188 0.137263 0.211384 0.211440
0 0.325312 0.847014 0.233344 0.218143
0 0.121008 0.839957 0.175296 0.232257
0 0.389092 0.383540 0.207944 0.204794
0 0.172032 0.383529 0.212544 0.219743
0 0.844168 0.391837 0.238096 0.244589
0 0.620180 0.386440 0.212440 0.200651
