0 0.778324 0.694857 0.258872 0.161690
0 0.498872 0.518227 0.273296 0.150054
0 0.796116 0.868146 0.270008 0.160054
0 0.201100 0.181176 0.253320 0.159200
0 0.490556 0.178281 0.258888 0.153409
0 0.775556 0.179116 0.248888 0.155081
0 0.788352 0.353239 0.272256 0.161701
0 0.205548 0.517424 0.264424 0.150107
0 0.496672 0.351564 0.268896 0.156693
0 0.201672 0.354463 0.258896 0.164149
0 0.785000 0.523633 0.270000 0.162525
0 0.492768 0.693212 0.269984 0.156740
0 0.206672 0.697746 0.268896 0.164149
0 0.202220 0.867752 0.255560 0.164197
0 0.488876 0.865666 0.255528 0.161684
