0 0.380788 0.560930 0.221896 0.143445
0 0.411864 0.860269 0.209008 0.145107
0 0.151376 0.865243 0.206912 0.133495
0 0.875948 0.708527 0.176856 0.146770
0 0.627656 0.720136 0.199632 0.125204
0 0.393584 0.708857 0.217408 0.146109
0 0.151252 0.713504 0.221224 0.140130
0 0.860016 0.871462 0.204032 0.122721
0 0.635412 0.862342 0.212264 0.140962
0 0.145388 0.563419 0.223576 0.133501
0 0.849308 0.420382 0.230136 0.122721
0 0.622504 0.421705 0.214624 0.128365
0 0.395332 0.411092 0.195144 0.141301
0 0.146320 0.410433 0.219360 0.144282
0 0.859880 0.263252 0.206640 0.135158
0 0.643828 0.265088 0.164936 0.143807
0 0.416920 0.264910 0.224720 0.135158
0 0.141652 0.259344 0.228696 0.146290
0 0.866428 0.563840 0.195896 0.137636
0 0.615600 0.564248 0.226080 0.133495
