0 0.192076 0.815911 0.306088 0.247093
0 0.525164 0.822537 0.317832 0.232178
0 0.830688 0.856538 0.267424 0.165837
0 0.827160 0.680317 0.276720 0.168326
0 0.859400 0.458535 0.242800 0.243767
0 0.471200 0.584152 0.383520 0.198167
0 0.152200 0.582907 0.228720 0.205633
0 0.606656 0.350339 0.234528 0.231335
0 0.363320 0.358173 0.228720 0.217251
0 0.136384 0.346154 0.199392 0.241290
0 0.855892 0.225515 0.226344 0.190735
0 0.617244 0.115648 0.215768 0.194836
0 0.387348 0.123529 0.222856 0.203959
0 0.144600 0.123133 0.222800 0.213122
