0 0.684176 0.147740 0.189792 0.190390
0 0.210728 0.120379 0.261776 0.213609
0 0.471088 0.136213 0.203136 0.211793
0 0.894008 0.145925 0.199376 0.189055
0 0.467480 0.379177 0.191600 0.173626
0 0.217168 0.373445 0.248896 0.181731
0 0.680096 0.360269 0.212032 0.206465
0 0.891408 0.361340 0.197536 0.207636
0 0.210036 0.597327 0.265512 0.211623
0 0.521300 0.589219 0.245800 0.226176
0 0.855076 0.592678 0.258472 0.222574
0 0.203008 0.833906 0.277216 0.209440
0 0.521060 0.828512 0.246280 0.223541
0 0.840520 0.835379 0.311920 0.233654
