0 0.813808 0.709826 0.296224 0.164995
0 0.815856 0.866300 0.284832 0.148567
0 0.816508 0.413636 0.298504 0.168316
0 0.818412 0.264048 0.285944 0.153071
0 0.812764 0.562733 0.291016 0.142764
0 0.510640 0.257497 0.294880 0.140297
0 0.194368 0.262474 0.317696 0.150251
0 0.315804 0.823672 0.165032 0.211929
0 0.507124 0.411151 0.286360 0.159355
0 0.196040 0.408073 0.323680 0.159545
0 0.481860 0.561717 0.349320 0.132851
0 0.160784 0.595719 0.255248 0.214089
0 0.479128 0.692996 0.357904 0.136965
0 0.134864 0.817111 0.194048 0.223066
0 0.525012 0.850788 0.259912 0.187554
