0 0.560380 0.482375 0.276280 0.172139
0 0.875836 0.663467 0.174200 0.178112
0 0.146344 0.845558 0.208432 0.170154
0 0.275368 0.846054 0.205472 0.157216
0 0.480684 0.848639 0.208584 0.156029
0 0.869292 0.844652 0.195656 0.173951
0 0.681328 0.847953 0.183696 0.167349
0 0.195516 0.118124 0.327832 0.191899
0 0.575716 0.107748 0.332712 0.177114
0 0.858016 0.108245 0.228512 0.178106
0 0.178396 0.305090 0.284312 0.160537
0 0.419488 0.298462 0.246976 0.173792
0 0.621824 0.297132 0.203168 0.176453
0 0.847644 0.297290 0.239928 0.168173
0 0.223260 0.483370 0.378120 0.164181
0 0.838800 0.480384 0.257600 0.172139
0 0.120732 0.664962 0.184984 0.169156
0 0.304920 0.666610 0.211696 0.179790
0 0.512568 0.667520 0.188368 0.171991
0 0.694692 0.665453 0.209864 0.172155
