0 0.181748 0.851602 0.291656 0.167482
0 0.810384 0.668350 0.315008 0.177436
0 0.536892 0.668759 0.307224 0.176617
0 0.812976 0.482185 0.307232 0.178291
0 0.810392 0.853255 0.317584 0.177441
0 0.490236 0.854074 0.304632 0.175803
0 0.208976 0.670417 0.335712 0.173301
0 0.227120 0.114028 0.374592 0.204821
0 0.535628 0.114869 0.250136 0.161673
0 0.820124 0.110305 0.292936 0.159197
0 0.190828 0.283600 0.307192 0.127692
0 0.505152 0.297707 0.300720 0.175763
0 0.819476 0.297702 0.289048 0.174115
0 0.198604 0.409220 0.322744 0.115266
0 0.533668 0.483439 0.279976 0.175783
0 0.208328 0.518260 0.329232 0.104483
