0 0.854308 0.349729 0.220776 0.202657
0 0.619224 0.352880 0.208960 0.202331
0 0.381016 0.124286 0.206176 0.197829
0 0.618528 0.124766 0.207568 0.200846
0 0.856040 0.121451 0.211744 0.207474
0 0.142108 0.124109 0.207560 0.202160
0 0.143504 0.808940 0.210352 0.201651
0 0.381016 0.353126 0.208960 0.199851
0 0.141404 0.351983 0.206152 0.202137
0 0.860800 0.580323 0.241280 0.203160
0 0.614948 0.575443 0.220296 0.208943
0 0.374964 0.579586 0.223848 0.200657
0 0.140940 0.580483 0.215480 0.200851
0 0.857436 0.809014 0.208952 0.199514
0 0.619224 0.810009 0.208960 0.201503
0 0.381712 0.810009 0.207568 0.201503
