0 0.618412 0.122606 0.210584 0.197211
0 0.138036 0.120960 0.224072 0.202491
0 0.380196 0.122046 0.218952 0.200320
0 0.854292 0.121303 0.218024 0.201806
0 0.380108 0.342860 0.210776 0.214406
0 0.141660 0.342343 0.214040 0.219429
0 0.855332 0.574946 0.215944 0.207949
0 0.616668 0.571546 0.216856 0.214749
0 0.379628 0.577917 0.211736 0.202006
0 0.137940 0.577917 0.221480 0.202006
0 0.142220 0.802729 0.226840 0.212086
0 0.379724 0.798831 0.214328 0.217891
0 0.617132 0.806357 0.213144 0.204829
0 0.856868 0.801231 0.215656 0.213091
0 0.857676 0.339860 0.208472 0.220406
0 0.616668 0.340929 0.216856 0.220257
