0 0.334676 0.366589 0.193192 0.225399
0 0.131076 0.366937 0.190792 0.221387
0 0.878344 0.130617 0.179088 0.231346
0 0.707684 0.131507 0.154888 0.227907
0 0.539520 0.131863 0.164640 0.227185
0 0.376164 0.132280 0.164648 0.228019
0 0.161648 0.128966 0.248896 0.231320
0 0.134668 0.599253 0.193976 0.222764
0 0.140924 0.825947 0.209976 0.213818
0 0.527064 0.365560 0.176528 0.225798
0 0.702404 0.366717 0.165448 0.225143
0 0.878880 0.368048 0.172800 0.222482
0 0.595240 0.780699 0.125728 0.140128
0 0.869384 0.779869 0.124432 0.141786
0 0.350896 0.598843 0.295552 0.223582
0 0.379640 0.830461 0.232880 0.224688
