0 0.141640 0.352880 0.234480 0.202331
0 0.176936 0.122034 0.282784 0.208297
0 0.499424 0.124520 0.281392 0.203326
0 0.821216 0.123606 0.284176 0.205154
0 0.854660 0.353554 0.225640 0.198994
0 0.619224 0.350811 0.208960 0.204480
0 0.380320 0.351726 0.207568 0.202651
0 0.616572 0.807946 0.214264 0.199663
0 0.140400 0.581249 0.216160 0.203297
0 0.382640 0.581483 0.214560 0.198851
0 0.617920 0.581749 0.225440 0.204297
0 0.854196 0.578260 0.215432 0.201320
0 0.131200 0.808769 0.245600 0.201994
0 0.378040 0.809777 0.224240 0.205954
0 0.854756 0.806049 0.214312 0.201469
