0 0.151960 0.849867 0.235600 0.171484
0 0.211672 0.664038 0.373296 0.165026
0 0.856852 0.850532 0.209064 0.162190
0 0.509456 0.669097 0.216352 0.166853
0 0.178928 0.298792 0.292576 0.169150
0 0.390468 0.853518 0.217912 0.170148
0 0.616004 0.854015 0.217912 0.169156
0 0.794240 0.665711 0.324960 0.170624
0 0.140684 0.479069 0.213528 0.173490
0 0.371020 0.484197 0.216360 0.168495
0 0.594752 0.480476 0.216864 0.171290
0 0.196816 0.127810 0.325232 0.154903
0 0.551564 0.126157 0.424568 0.154227
0 0.495320 0.297298 0.297040 0.168158
0 0.811208 0.295729 0.294128 0.171295
0 0.841412 0.483119 0.239944 0.175624
