0 0.173336 0.854923 0.254032 0.175763
0 0.219336 0.478449 0.379792 0.185763
0 0.481836 0.854509 0.318888 0.174933
0 0.249820 0.109885 0.435480 0.184908
0 0.604304 0.108631 0.239808 0.184099
0 0.842824 0.108641 0.237168 0.182421
0 0.183052 0.295629 0.244984 0.178260
0 0.455888 0.295624 0.287776 0.173337
0 0.793536 0.293137 0.346112 0.163347
0 0.850576 0.483025 0.219072 0.174954
0 0.576440 0.483439 0.313680 0.175783
0 0.137028 0.662973 0.215176 0.176612
0 0.349600 0.668334 0.241120 0.172492
0 0.593928 0.667935 0.281296 0.176607
0 0.856400 0.668754 0.207360 0.174969
0 0.807812 0.853265 0.307192 0.172446
