0 0.513596 0.482185 0.270872 0.178291
0 0.210256 0.129376 0.359072 0.228864
0 0.819488 0.482610 0.278656 0.174125
0 0.855128 0.669578 0.220336 0.174980
0 0.389792 0.669163 0.225536 0.174150
0 0.147424 0.669163 0.230688 0.174150
0 0.294520 0.854094 0.211280 0.179120
0 0.536916 0.854923 0.237192 0.175763
0 0.811064 0.850763 0.300688 0.162528
0 0.625704 0.665862 0.222928 0.180752
0 0.522012 0.119012 0.246264 0.201484
0 0.199268 0.319670 0.321416 0.130179
0 0.516180 0.310555 0.286440 0.150077
0 0.816256 0.307226 0.287712 0.156725
0 0.207664 0.480937 0.327968 0.174156
0 0.806520 0.119012 0.289040 0.201484
