0 0.596532 0.334593 0.182760 0.286075
0 0.445524 0.844949 0.256648 0.197369
0 0.161024 0.132682 0.242368 0.217257
0 0.467572 0.144724 0.342184 0.189857
0 0.809108 0.162538 0.276088 0.262027
0 0.138348 0.367771 0.212536 0.232984
0 0.364512 0.358227 0.260544 0.235491
0 0.817548 0.392224 0.287784 0.172472
0 0.254992 0.632267 0.448480 0.199846
0 0.630228 0.634355 0.291656 0.200645
0 0.850584 0.627718 0.221648 0.185732
0 0.171400 0.843715 0.278640 0.198178
0 0.683384 0.839145 0.247568 0.185763
0 0.885584 0.831269 0.154240 0.203173
