0 0.462024 0.643741 0.221008 0.231494
0 0.199556 0.182282 0.319752 0.242968
0 0.459148 0.184524 0.192536 0.236499
0 0.660080 0.177641 0.198240 0.250266
0 0.862408 0.171100 0.204176 0.247421
0 0.179576 0.399621 0.278832 0.206305
0 0.436480 0.414711 0.216160 0.188060
0 0.640112 0.414713 0.210144 0.186070
0 0.848540 0.410220 0.244360 0.177144
0 0.882364 0.643483 0.170488 0.235993
0 0.680420 0.644736 0.197960 0.233485
0 0.221480 0.638178 0.244880 0.240635
0 0.850080 0.855842 0.222560 0.175450
0 0.618092 0.854923 0.223064 0.173306
0 0.376092 0.857497 0.243544 0.168158
0 0.139648 0.857996 0.209376 0.169156
