0 0.445428 0.871842 0.371384 0.149417
0 0.815876 0.337088 0.287912 0.130368
0 0.825612 0.472006 0.271544 0.134493
0 0.819000 0.613644 0.294160 0.142436
0 0.815876 0.764550 0.297240 0.157042
0 0.815108 0.894731 0.295704 0.105635
0 0.573232 0.305839 0.169696 0.236653
0 0.361580 0.243071 0.266360 0.115425
0 0.145484 0.254775 0.216360 0.133808
0 0.152468 0.841489 0.208616 0.182262
0 0.386716 0.368700 0.191192 0.158690
0 0.158708 0.373910 0.239688 0.110461
0 0.197340 0.477400 0.321080 0.116418
0 0.387200 0.535617 0.177760 0.171131
0 0.563896 0.522418 0.172800 0.189565
0 0.160648 0.592820 0.245136 0.112436
0 0.564400 0.707925 0.187360 0.180742
0 0.377244 0.704516 0.175928 0.159698
0 0.157544 0.707835 0.232688 0.129181
