0 0.530828 0.669437 0.322936 0.176121
0 0.653976 0.486259 0.285072 0.176305
0 0.283412 0.108245 0.484904 0.176121
0 0.747960 0.107334 0.389520 0.185906
0 0.817428 0.295148 0.287912 0.182416
0 0.562580 0.303767 0.349640 0.161198
0 0.200436 0.299785 0.345992 0.167165
0 0.146544 0.485867 0.226688 0.171121
0 0.370124 0.490832 0.295928 0.161192
0 0.883144 0.482119 0.165808 0.180614
0 0.832080 0.667851 0.280320 0.175312
0 0.156376 0.853101 0.250576 0.184913
0 0.407576 0.856182 0.252128 0.180737
0 0.660072 0.848948 0.247984 0.169340
0 0.864332 0.847221 0.194104 0.170798
0 0.197188 0.668769 0.336936 0.177456
