0 0.165196 0.825409 0.282712 0.198516
0 0.179796 0.131308 0.281512 0.227508
0 0.434096 0.134455 0.205312 0.221213
0 0.639860 0.134800 0.195080 0.218526
0 0.858240 0.136192 0.218720 0.221720
0 0.848764 0.365445 0.237688 0.222907
0 0.599884 0.367439 0.215928 0.222902
0 0.366832 0.371676 0.209184 0.212441
0 0.138968 0.365141 0.210736 0.223526
0 0.151316 0.599867 0.226472 0.217748
0 0.370384 0.600289 0.186528 0.218900
0 0.596636 0.612047 0.256648 0.193388
0 0.847836 0.614307 0.242648 0.194836
0 0.790608 0.824181 0.347776 0.199335
