0 0.814852 0.849539 0.293064 0.164176
0 0.266740 0.123667 0.456040 0.199002
0 0.714976 0.108744 0.380832 0.179104
0 0.211292 0.293649 0.333624 0.187400
0 0.514316 0.305258 0.265752 0.160200
0 0.788604 0.296801 0.330008 0.175128
0 0.783476 0.482871 0.352712 0.173132
0 0.462016 0.491658 0.273904 0.165507
0 0.172968 0.477398 0.248496 0.170148
0 0.789556 0.668270 0.284552 0.180450
0 0.492592 0.667697 0.287424 0.175619
0 0.192520 0.666366 0.280880 0.178280
0 0.204340 0.854511 0.335080 0.178112
0 0.518976 0.853196 0.281312 0.178756
