0 0.200704 0.870266 0.326800 0.158547
0 0.871616 0.132446 0.201312 0.223234
0 0.601472 0.131384 0.365184 0.227354
0 0.222484 0.131215 0.376568 0.229678
0 0.841536 0.369115 0.249024 0.221546
0 0.510992 0.380796 0.328384 0.196187
0 0.184372 0.368193 0.287912 0.223388
0 0.210812 0.573513 0.347016 0.162994
0 0.526168 0.568600 0.275184 0.154908
0 0.822096 0.599301 0.278576 0.222861
0 0.210544 0.724153 0.344448 0.122410
0 0.802652 0.778634 0.326792 0.112948
0 0.801096 0.892485 0.329904 0.102165
0 0.500904 0.793396 0.249024 0.298357
