0 0.821584 0.676650 0.288928 0.166658
0 0.331704 0.134115 0.593648 0.144278
0 0.783048 0.157001 0.306896 0.192037
0 0.177484 0.311233 0.301688 0.198004
0 0.498688 0.307500 0.306336 0.201489
0 0.811984 0.342160 0.308128 0.183910
0 0.203624 0.506320 0.330288 0.216428
0 0.536616 0.495061 0.330032 0.190225
0 0.832208 0.513048 0.258352 0.144621
0 0.202372 0.699289 0.323464 0.148260
0 0.214964 0.856098 0.332488 0.174939
0 0.515688 0.684033 0.272336 0.152917
0 0.560784 0.854667 0.284800 0.173818
0 0.844272 0.851031 0.237344 0.165174
